12735
12727
12787
18631
12431
12747
12751
18439
18871
12563
10291
18519
12503
10829
12779
18547
12387
18663
10327
18755
20807
18735
18691
12343
12427
18535
12859
18419
12843
10833
10335
18555
12347
18671
18491
12583
10343
12819
18815
18447
18695
12515
18699
18431
12407
18475
12551
18459
18483
12523
12479
18559
10841
12675
18487
10849
12335
12703
12719
12723
18571
18499
12871
18579
12743
10845
12651
18467
12739
12875
12767
12411
10331
18539
18523
12755
18763
12847
18415
12783
18543
18651
12535
12467
12375
10319
12659
12567
12367
12399
18723
12511
18563
18831
12451
12419
18747
10869
12879
12827
12447
12579
18635
12823
12435
12831
12867
18575
10877
12655
12835
12603
12647
18787
12439
12519
18587
18683
18847
12371
18615
12899
12679
12759
18619
12323
12731
10323
12711
18751
18647
18479
18719
18795
18863
18515
10339
12331
18799
18451
12895
18807
12491
18471
12463
12691
12395
12571
18855
18655
18767
12495
12863
18659
12667
12591
20803
18643
12695
18759
12627
12415
12883
12403
12807
12607
12891
18875
18611
18703
12559
12555
10837
10303
18495
18819
12587
12799
18443
12531
18507
10315
12527
12621
12671
10861
12811
18511
12643
12839
12775
12763
18551
10853
18711
12663
12699
10307
12907
18675
12771
18775
12339
12547
12355
18727
12507
18583
10295
18427
12471
18811
18639
12611
12487
12459
18743
12475
18423
18679
18879
12803
12715
12539
12687
12351
18595
12887
18603
12855
10857
10865
12615
18527
12903
12575
10881
12631
12595
12815
18827
12299
12683
18627
18707
10299
18599
18567
27385
12443
12483
12327
18779
18715
12795
18839
27389
18455
18883
12423
18731
12851
10311