10311
12575
18543
12699
10853
18539
12555
18627
18551
18451
12479
12495
12703
12519
12883
12355
12671
12903
18747
12787
12571
12823
18599
27385
12859
18419
12527
18447
12551
12731
12615
18583
12535
18651
18635
12467
18775
12803
12407
18559
18495
12323
18483
12451
18679
18715
18691
18567
18527
10845
12659
18675
18763
12627
18731
12583
18639
12755
18659
18719
18787
12539
12807
18819
12567
12591
10833
12435
12683
18795
18875
10319
18751
12647
18759
10315
12447
12327
18415
10339
18575
27389
12847
12695
18863
12799
18423
18579
18727
12779
10331
12403
12679
10857
18855
18831
12531
12711
12603
12715
18563
18515
12651
12587
12399
18815
12843
12827
18807
12691
12463
10291
12747
12483
12887
10869
12347
12471
18735
12795
12811
12907
18595
12415
12459
18755
12851
18811
18491
12491
10849
12351
18883
18703
18663
18839
12899
12367
12663
12727
18631
12835
12443
10303
10299
12667
18695
12621
12523
12863
12547
10837
12775
18571
18475
18507
10829
12339
18779
12767
18471
10877
12763
18459
10307
12299
10861
12559
12751
10343
12867
12371
10295
20803
12739
10323
12855
10335
18711
18603
18723
12607
12507
12431
12595
12783
12643
12759
18871
12423
18523
12743
18499
12611
12831
12891
12387
12515
18455
18847
12879
12871
18611
12475
12579
12411
12503
12875
12655
12511
18535
12839
18511
18827
18519
18879
12675
18555
12343
12735
18615
12771
18443
12723
10865
20807
10327
12427
18439
10841
18743
12719
18643
12419
10881
12631
18655
12375
12331
18467
12819
18431
18707
18647
18799
12563
18479
18427
12815
12487
12895
12395
18767
18619
12439
18587
18547
18683
18699
18487
18671
12335
12687