56193
78371
83827
55759
83059
85007
88815
84335
78731
83451
89801
203741
89441
84063
55811
89041
86963
81231
81695
84771
84835
222571
84731
81379
86979
81723
222383
208839
85087
89669
83935
79735
55579
86119
79167
84195
228831
88711
83891
55643
84255
84631
55895
88071
222615
55511
55439
81047
222499
89645
89141
56281
56007
55539
81499
222647
86887
86283
88751
55343
56333
84743
222491
88973
87179
82443
222599
222535
222783
78995
80227
84371
84935
84455
222479
55867
88969
229139
78859
82671
78439
85571
84755
83859
88921
83055
82771
89189
88703
222835
222907
229071
80383
198429
83047
55387
88715
228983
222527
81271
82727
78411
55951
89633
56201
85051
83687
87159
55947
78591
82463
83595
228951
78907
82243
56297
79547
83227
82511
89733
55843
222963
78919
222883
84883
222923
83979
222643
56003
82663
88807
228883
229167
83995
82931
55955
86839
222639
82459
222799
84803
86071
89049
55415
55823
86691
83767
89021
81975
86987
55431
88803
83295
84875
89453
82691
83795
222751
89517
206603
222343
55991
82159
55871
56109
82571
78867
84283
222435
84831
84483
82315
222715
80343
90125
78955
81287
198461
82139
88311
83623
89369
83615
222375
84919
84079
83575
84475
81887
88957
86027
56057
80027
81895
84515
84171
55595
85615
78715
56225
228827
78903
87055
222627
56341
81635
83303
85467
86387
56553
222895
82611
55363
85055
79347
55879
55679
84667
55327
222787
81703
86959
55375
55503
56011
78843
89849
222759
87127
79051
88631
85187
84843
83443
222795
84739
83087
82923
83803
82719
55599
222699
79767
88917
83579
79383
82875
89873
82323
55899
85355
87291
88743
55771
55923
84083
56293
84727
80287
55407
222323
78179
222859
84611
86923
81591
55267
84603
228991
82755
82619
81835
85407
79043
79239
88767
88275
222931
78079
55451
89737
88707
86047
89693
86971
88727
83143
55903
82255
84819
85451
83831
84839
79131
89857
85027
82003
82051
55339
84899
83151
87275
85903
86879
78111
83883
83971
222355
89057
222695
55355
222543
85483
87187
87279
88579
228835
83231
55703
81395
83547
89649
82615
55383
55367
86403
55391
88831
79595
83907
84595
82623
228799
222471
56197
86915
222551
86195
82859
81959
83331
88399
56549
81639
87375
222659
88635
55819
56177
89017
83847
85271
222903
222447
55967
87283
55515
228999
79511
223059
55455
84071
83379
222419
55567
88941
88699
85887
86999
228739
84679
55971
83499
229179
89149
79451
228759
85059
84807
83403
85863
84199
87015
86059
88783
83707
56165
83911
89745
81119
83115
78879
85011
222403
78247
83991
56041
81335
223019
83447
87595
55655
89133
86207
84487
82971
79071
222347
55603
228935
82263
55987
83251
84783
85871
87167
78055
87043
83235
198473
222331
79587
83683
84923
85851
222635
81851
87155
222351
88043
198449
84815
229023
222423
81943
89829
78771
55315
56061
222711
79443
79539
82375
222775
81955
223055
89765
83871
82823
80291
222607
56557
222531
83559
82799
87287
83247
88259
81199
88451
81187
87811
83655
78403
56633
89293
88559
55559
79775
84075
82407
87235
89389
81575
89289
85679
78875
89285
81923
79575
82023
78091
55891
85111
55283
55863
85143
83835
78103
85459
228815
56393
81627
81251
83631
87295
56073
78035
55663
55323
89521
55651
55491
78435
83983
78795
239211
83471
89789
222339
87555
83383
89085
222967
83663
83415
86431
88933
83879
85247
88423
83791
78407
55547
78695
83395
78347
84911
78163
89593
84159
222791
55831
56277
56229
86003
85987
78759
89537
56765
79535
87095
222971
83043
86067
90157
82911
82607
82835
228931
55815
83391
222495
55779
81567
86631
83855
83031
82455
222631
222391
85235
228995
88799
84027
86907
83815
83515
79159
83511
55959
83535
85915
89629
56149
229155
55351
87607
83599
81771
86075
84047
89705
56373
79079
55331
88775
84719
89845
80387
85167
84851
88759
85315
84659
78739
203729
228923
84247
222487
197025
81879
55911
83359
83967
83311
89321
86143
81383
79523
87351
84207
79075
55271
55419
85223
88659
83703
86291
85979
222803
82319
78823
86135
78959
222691
81583
56065
79519
83987
228843
83135
84751
80855
228839
84427
55839
83571
85039
87543
56345
56113
78687
84579
81183
80223
87819
81131
81467
78911
55619
82487
81991
55883
200589
83627
81603
81843
84059
222583
84995
88913
82979
86919
89725
86903
83439
83223
86695
84231
82107
222771
89225
78599
56037
87343
84791
55855
87531
78939
84735
79235
55275
87463
222755
82815
88547
79343
55379
203789
78947
55975
84811
81275
85711
203733
88997
84691
88945
87199
81615
222779
223023
86947
78415
89769
78635
78595
83435
55935
79243
78791
222427
81535
82027
89181
222911
79795
56273
56023
79007
90161
84263
55943
82447
81715
78719
82811
86783
79067
84587
88723
87459
81631
80123
83723
229143
82679
203817
83271
89337
83923
88571
88567
79667
83371
55475
83947
55907
82427
89877
78935
84747
83155
55527
86107
222371
56185
78659
88623
222459
82479
55427
82807
55479
82507
222919
85367
82523
82483
222899
85351
55807
81931
83895
85335
78327
83731
86307
55371
85667
84239
86499
85919
56029
81587
82271
85043
79751
83039
55803
56761
84243
55591
222947
89785
222675
86043
79891
81203
239393
89093
78427
198421
89653
84983
89033
85263
78395
228743
82063
82543
86219
86263
55835
88787
88937
55755
229127
229031
80203
85147
81679
55887
78423
83287
78391
82683
56173
84651
55291
82747
82339
88627
89701
83159
203833
222475
89433
79183
80947
88543
55995
55471
198405
55443
84235
55783
84999
56117
56169
80431
83339
85939
83411
55687
83695
222511
87039
222707
85179
56353
86063
78967
55931
83387
81883
84955
82167
84907
81579
222667
222359
82471
84183
88695
88683
88487
83943
78999
83783
88779
56565
89717
86187
56015
81039
229183
239699
56337
82259
56077
79059
86339
86459
81667
83255
83807
55859
86391
228811
85603
55319
84951
86055
80847
222943
222567
85019
83275
55483
83583
88563
78431
89685
84795
229055
82347
82939
84591
82851
87299
86911
86007
83195
89061
82031
89721
229019
55423
85911
78643
89437
88391
83171
85647
79975
55999
222611
88719
88643
85659
79879
84055
86411
55487
85311
87031
89025
83899
222655
89173
222687
84655
86483
88735
83127
87107
83279
82115
88739
55531
84767
229095
228971
87659
79271
83719
89581
89401
87419
85415
89541
85003
82467
84267
81343
89757
55411
222411
84787
88663
84871
228823
78891
222663
222563
83639
90001
222591
89817
88667
88267
55535
89713
80059
222519
82431
84495
78667
89317
87163
85563
83487
55763
198409
83747
82491
229003
84775
56401
55551
86031
86803
84675
88535
84779
81303
222455
82475
83851
84763
222915
84647
83299
89953
83591
81647
83015
83431
208743
84067
78359
82127
86191
56217
55435
222467
88823
84211
84111
83375
88747
88179
89185
82819
85399
84903
83175
83095
82959
89465
55875
82371
55563
222547
83283
89545
222387
229159
55623
83491
55507
55403
229075
228887
81211
81295
83011
78899
83975
85207
87415
84295
81663
79531
228795
86287
82123
84947
81707
81795
82879
55295
88827
228979
87183
88539
81787
85047
89069
78627
86951
85899
82963
56385
87171
85655
229067
83243
84187
81927
55627
83887
222951
83727
82415
83611
83647
89101
84891
88671
222319
86039
83999
81907
81939
228891
222379
55287
86939
78923
81179
87227
79823
84023
82935
86223
222767
55463
86367
85119
82711
55399
56369
222703
79299
88167
55447
222651
86863
82567
87063
87475
81911
89805
90101
203825
84867
89125
84827
81983
84855
86415
83711
88763
56561
56181
56189
85639
85995
80127
87663
81087
89253
79743
79251
55587
83455
85063
87335
88603
228987
83479
83183
86643
86895
82587
82795
78419
222679
84607
81967
88531
83963
88159
83423
222587
88953
85855
81875
85103
78051
78655
84703
56769
222439
88731
81239
86267
81859
87059
55555
89029
78631
88595
87247
84759
198433
89761
89201
81699
222335
55719
55847
88263
82531
88811
55827
209041
79651
229051
79731
87467
89313
55707
83075
229111
84823
81031
82995
84387
84421
55543
79527
79163
83939
86943
55919
83179
222395
79047
80035
55335
78583
78779
78639
82019
55927
87051
222671
55307
85799
78931
82499
87003
78927
84663
222863
83475
88679
83351
79467
238931
56397
87639
88583
81431
87075
222927
88691
85619
89053
78107
82179
81607
86247
86927
87203
88427
56153
78083
84723
89853
222763
81319
222463