56353
90161
85055
88539
84211
83835
203741
82179
78407
89545
88703
84071
82499
87039
86959
81875
81603
84231
83727
84655
78911
83911
82931
79271
79595
82139
55447
56149
85799
84767
84835
78627
56345
83895
86839
89433
79511
81967
222535
83235
88953
78643
84771
86367
85483
83791
78959
83711
89049
78327
83075
56193
78055
198449
88917
56273
83279
88567
88635
86695
87059
82671
56553
222947
80387
55339
84775
55627
55323
223059
84247
88275
55807
228971
79547
78891
229179
229051
87283
79587
78423
83423
85903
89537
89765
55815
56023
83383
83271
80947
55267
83871
89769
222655
55471
222651
85639
56057
79467
203825
87187
87163
79299
78843
81119
81271
83439
81627
81231
82567
222435
222951
223019
56113
81859
83967
83883
85899
55803
83983
55567
229055
228887
55387
84295
222759
82939
56293
84075
79071
88603
84751
82811
84475
89653
56117
79519
87291
229003
84207
55923
81663
83639
83583
89085
56177
82611
82819
83575
56189
83975
89053
78771
82607
88941
78935
78359
88671
88723
79775
222379
86143
83511
89829
222943
87063
82427
79075
86499
56165
55911
55367
80123
222475
82971
222639
88763
55383
86879
87179
83155
222599
222675
55623
78111
222467
81639
56761
55907
222403
82467
86971
198461
222907
84111
78899
89593
88391
86119
222511
90157
222963
81287
78439
83175
55439
84387
84703
83627
88747
81959
84827
83683
86903
84995
87075
198405
89185
222771
222779
228835
83247
88815
81335
82851
84067
88559
78595
85351
88945
222923
82319
222347
84027
82167
55431
86207
56037
82159
88719
206603
82263
83151
82771
78731
81939
80035
84839
55947
80431
84891
56225
82747
56185
86071
222795
79795
84763
85179
78427
83947
55655
78583
84023
85355
84923
81187
78867
222331
87043
89849
88731
79347
83827
87095
83703
56173
55587
55415
85467
222647
83387
83115
56401
85615
84335
78051
84455
86947
222615
84515
222967
84935
222479
80383
81567
78823
81635
203833
85863
85851
89713
55603
83311
89801
86459
78947
84667
222351
86691
88933
222699
83415
87475
82543
229075
55835
83907
222375
81203
222703
55707
56765
83179
55875
55295
84735
88699
88583
222695
55479
56169
89953
87235
223023
84731
86987
88831
55863
83943
222899
86431
86403
222787
81583
83287
81887
83891
79823
89437
89705
229155
85563
228979
83707
82823
55903
81607
55779
84267
83995
55379
55351
222587
84919
55927
203817
85571
84055
85043
78179
82027
86059
55271
55403
82347
82511
90101
209041
222659
83515
55343
82691
88973
89289
89125
84851
90125
86107
81303
82479
78391
88997
88727
83719
89025
86267
88663
56011
222447
78371
81975
56565
84239
86895
81879
81955
239699
79527
78907
85855
84651
88159
55451
87343
82023
82031
81723
84999
229031
86047
80343
84199
82875
222971
55319
86187
82019
78083
81699
222915
55823
87031
228983
84083
79159
87203
79735
85399
89693
222679
85103
56341
222663
83159
55847
83987
88167
85003
88579
86223
84807
83795
84587
222343
87159
55839
55539
82507
81923
228795
85059
87287
82995
84815
56217
84955
81991
84983
88679
222883
55931
84743
87227
83243
222767
228891
78347
55599
89441
78415
83435
83979
229167
79443
55487
82859
89633
83695
222519
83599
83331
81911
56007
89181
87279
88807
81275
88715
82063
87375
79891
81039
88427
89517
55507
81343
78091
56333
81679
86387
78411
89785
87543
55491
55375
55435
81087
87415
86979
88683
83723
87463
78927
82755
88071
222531
228935
81383
89101
229067
89701
55871
82571
203733
83339
80203
84663
55307
88775
79575
84787
89313
56201
55551
83803
222691
83379
222419
223055
84723
83371
86291
81179
84427
84831
79879
82683
55771
86283
55291
222391
88767
87171
85311
87419
86043
82455
83055
84951
88969
85987
82107
86027
78779
79731
222751
88043
84235
78631
84747
85887
85263
56557
89369
81715
88827
222919
83571
83171
87555
88263
81895
229127
81907
88823
85603
89337
79167
81379
56561
88451
81199
88779
88691
81251
88563
85367
56197
81319
83615
89057
55967
55975
79667
82051
88659
55543
83455
55783
85407
83443
84871
89029
85459
83815
89629
88531
87531
222319
55831
87607
89069
88913
79043
222755
82259
84719
87003
82879
83303
228987
55563
83475
78591
222667
83499
229143
87659
85647
86003
222627
86391
82459
228883
88627
82123
88695
84591
55287
222427
56549
83231
82475
222671
81703
228799
55535
84679
81239
83747
87247
88751
228951
85143
87811
198421
81587
222931
56153
85335
55455
55951
80847
78599
89877
82923
89789
56369
81431
83403
222707
222495
86951
83647
228995
82587
87155
79975
85147
88743
78695
86919
55955
55283
87107
89061
84803
84691
87127
83899
222863
80127
222563
89717
55463
222803
86887
86247
86999
78715
222835
84371
78103
83623
56073
82371
55891
83879
197025
86191
79251
86031
82375
56397
83579
55531
55419
55971
222763
79383
56633
88711
78719
86911
83395
82663
83251
84611
89401
85207
79343
79163
85011
81927
85235
239393
83087
78923
89033
84495
55547
89453
85087
83939
55595
88179
222635
87275
84855
222395
86411
88707
83451
55895
87299
198473
56015
87467
86927
228843
88623
222687
84487
83431
81131
83535
82447
208839
89737
89581
78687
222567
222463
85187
84739
89873
208743
198429
88487
55407
82619
89745
81851
229023
222611
56769
88921
85939
83043
81467
85315
84659
84795
78859
84283
81695
56029
55811
229019
83595
79007
228739
55935
82935
83991
82531
81667
86063
82271
55331
87819
86939
81707
81499
84907
88799
89389
55651
82963
222355
82623
84911
55371
78247
81031
83655
203789
85619
81579
55687
82959
55899
82127
55995
83491
84867
81983
55335
55511
55883
83047
81575
81943
55887
80855
80287
84187
55515
56277
81931
82835
222799
83807
88311
88667
81647
85063
85979
89293
83611
83855
87335
87295
86007
89521
200589
79059
82431
83183
228815
78967
88267
87051
85919
78035
89149
89805
78875
82463
81631
229111
82719
83631
89321
222411
55763
84483
55999
85911
84783
82679
83859
55827
89189
89017
84903
55819
228831
85119
86307
79531
85019
228923
238931
83223
81591
84947
89761
83471
239211
86783
89093
80223
84779
85223
85027
55755
79131
222527
86415
85915
86915
86923
55719
85167
222715
56109
79539
84755
84595
56065
228999
78107
88535
86907
228759
198433
83135
80291
83971
78435
55943
85451
83299
86803
55411
86067
55391
85247
84059
84243
84883
89201
86643
81843
85711
229139
55991
56229
222339
87015
89645
78999
83663
56077
86963
85271
55315
85051
82523
80027
228839
89225
222487
83999
84811
228823
56297
84183
89285
81615
86943
222571
55643
81047
89541
78403
85659
83783
222859
83923
84875
222491
83847
88643
88631
222499
229071
88423
79523
84603
55275
82115
83447
222547
89669
79235
83127
86195
222591
84171
55679
84079
83295
78995
88259
222711
222911
229183
55855
86075
83391
55663
88739
78431
83195
222383
82487
55919
56385
84759
83039
87639
55559
84823
86863
81835
222459
83351
83031
82799
81883
88803
222439
82815
89817
83559
89317
222455
82795
89685
83767
55427
55879
85415
82243
55759
79243
55443
78395
229095
222359
78759
82471
55703
83547
78655
89721
222607
83487
84631
89733
82727
86055
83687
84159
79183
203729
85995
56393
222791
80059
83283
89465
87595
86631
81787
88399
229159
56041
79047
83935
89649
82911
83095
83887
88571
85039
83479
87183
89021
88787
88547
222903
86219
81771
89041
55503
88595
228827
78791
83591
83255
88937
78739
56337
83851
222583
85871
78903
55423
78931
222387
55355
85111
85047
89857
82255
55483
222335
83963
85655
83015
55619
78939
84263
78079
83227
88811
56003
82615
55399
81795
81211
55987
83275
55363
55843
84899
222631
89253
89845
79743
79451
84421
87055
84819
82323
87459
82483
78419
87351
87167
83375
78879
90001
83059
84255
56061
86287
81395
228991
222543
84047
83143
82979
89173
89133
55859
79079
55527
78919
88759
78659
81535
78795
86339
198409
86135
82339
89141
81183
55867
89853
82407
79239
84195
84607
88543
82711
82491
222783
55579
83359
85667
222927
222323
86483
82415
80227
56281
79767
85007
82315
82443
83411
81295
84647
55327
79051
79751
87199
88735
79651
222895
89757
86039
79535
78163
78635
228931
56181
222371
222423
85679
84727
84579
84675
83011
84843
89725
82807
222551
228811
83831
84791
55475
222775
86263
78639
222471
78667
84063
55591
82003
88957
79067
228743
78955
83731
88783
222643
87663
55555
56373
55959